[[0,1351,704,1401,1192,868,1488,123,1717,570,1226,1246,1899,1478,1710,92,1202,420,1217,1889,1743,1133,1898,1198,997,1333,2088,1206,498,19,809,1517,1288,1162,1694,1090,1264,1859,1245,1233,746,1409,972,594,1005,838,973,1165,610,1394,985,1673,1674,1046,1778,1396,761,571,1016],[1351,0,766,77,604,953,284,1228,2104,963,515,491,1192,576,1003,1403,149,1533,1848,1737,232,592,1480,296,514,431,2475,393,853,1353,966,810,310,189,2081,454,557,1441,657,750,732,900,1057,1438,374,646,760,1552,779,687,1802,1255,1256,512,2165,410,590,1252,1191],[704,766,0,843,786,288,1075,581,1501,514,522,542,1195,1065,1006,756,617,868,1245,1606,998,727,1411,785,293,920,1872,502,206,701,552,813,584,577,1278,505,560,1372,839,529,340,705,392,773,303,134,230,949,365,690,1137,1186,1187,640,1562,983,176,587,588],[1401,77,843,0,527,1030,207,1305,2181,975,592,568,1269,499,1080,1453,226,1610,1925,1814,155,515,1557,219,591,354,2552,470,930,1403,978,887,387,266,2158,377,634,1518,580,828,655,977,1134,1515,451,723,837,1629,791,764,1879,1332,1333,435,2242,333,667,1329,1268],[1192,604,786,527,0,1074,543,1064,2287,766,1136,1116,1809,314,1620,1239,753,1549,2026,2220,664,119,2025,308,907,308,2614,997,873,1189,769,1427,914,793,2264,588,1174,1986,53,1143,446,1319,1178,1559,763,1039,1153,1735,582,1304,1923,1800,1801,123,2348,371,610,1373,1374],[868,953,288,1030,1074,0,1328,745,1213,678,668,688,1341,1318,1152,791,804,580,975,1173,1185,1014,1446,1038,439,1173,1584,648,370,870,681,959,730,764,1190,757,706,1407,1127,675,627,696,104,485,480,279,182,661,653,836,849,1221,1222,927,1274,1236,464,299,300],[1488,284,1075,207,543,1328,0,1365,2479,1062,799,775,1476,515,1287,1540,433,1850,2223,2202,121,586,2007,290,798,235,2850,636,1169,1485,1065,1094,554,433,2456,570,841,1725,596,1125,742,1144,1433,1813,618,930,1044,1836,958,971,2177,1539,1540,506,2540,172,874,1987,1475],[123,1228,581,1305,1064,745,1365,0,1782,447,1103,1123,1776,1355,1587,175,1079,458,1278,1918,1620,1010,1992,1075,874,1210,2153,1083,375,125,560,1394,1165,1039,1759,967,1141,1953,1117,1110,623,1286,849,659,882,715,926,1230,487,1271,1023,2057,1768,923,1843,1273,638,433,1081],[1717,2104,1501,2181,2287,1213,2479,1782,0,1891,1819,1839,1508,2469,1529,1638,1955,1427,766,795,2336,2228,1500,2189,1590,2324,371,1799,1583,1736,1894,1319,1881,1915,325,1909,1857,1461,2340,1826,1841,1678,1317,1123,1740,1398,1284,552,1866,1845,1111,1565,1276,2141,409,2387,1677,1297,913],[570,963,514,975,766,678,1062,447,1891,0,939,959,612,1053,1423,622,814,932,1729,1788,1130,707,1828,772,710,907,2262,919,308,572,257,1230,895,774,1868,598,977,1789,819,946,320,1122,719,1100,617,648,762,1339,184,1107,1464,1605,1604,620,1952,970,373,977,978],[1226,515,522,592,1136,668,799,1103,1819,939,0,20,677,1091,488,1278,366,1457,1563,1222,747,1003,965,828,229,963,2190,140,728,1223,942,295,222,343,1692,548,42,926,1189,204,730,380,772,1153,379,361,475,1267,755,172,1517,740,741,916,1776,942,566,897,906],[1246,491,542,568,1116,688,775,1123,1839,959,20,0,697,1067,508,1308,342,1477,1583,1242,723,1023,985,808,249,943,2210,120,748,1243,962,315,202,323,1712,568,62,946,1169,224,750,400,792,1173,399,381,495,1287,775,192,1537,760,761,936,1796,922,586,917,926],[1899,1192,1195,1269,1809,1341,1476,1776,1508,612,677,697,0,1768,203,1951,1043,2130,2236,1815,1424,1676,456,1501,902,1636,1879,817,1401,1896,1615,573,899,1003,1183,1221,635,417,1862,840,1403,498,1445,1826,1052,1034,1148,1940,1428,505,2190,153,232,1589,1267,1602,1239,1640,1579],[1478,576,1065,499,314,1318,515,1355,2469,1053,1091,1067,1768,0,1592,1530,725,1898,2213,2192,636,433,1997,280,879,280,2675,969,1152,1480,1055,1399,886,765,2446,560,1133,1958,368,1115,732,1291,1422,1803,735,1011,1125,1917,868,1276,2167,1772,1773,437,2530,343,889,1617,1556],[1710,1003,1006,1080,1620,1152,1278,1587,1529,1423,488,508,203,1592,0,1762,854,1941,1627,734,1235,1487,477,1312,713,1434,1900,628,1212,1707,1426,275,710,814,1204,1032,446,438,1673,543,1214,367,1256,1637,863,845,959,1142,1239,316,1961,290,253,1400,1288,1410,1050,1451,1390],[92,1403,756,1453,1239,791,1540,175,1638,622,1278,1308,1951,1530,1762,0,1254,341,1138,1810,1795,1185,2167,1250,1049,1385,2009,1258,550,111,861,1569,1340,1214,1615,1142,1316,2128,1292,1285,798,1461,895,515,1057,890,973,1086,662,1446,879,1942,1943,1098,1699,1448,813,492,937],[1202,149,617,226,753,804,433,1079,1955,814,366,342,1043,725,854,1254,0,1593,1699,1588,381,843,1331,445,365,580,2326,244,704,1204,817,660,162,40,1932,388,408,1292,806,601,605,750,908,1289,225,497,611,1403,630,537,1653,1106,1107,756,2016,559,441,1103,1042],[420,1533,868,1610,1549,580,1850,485,1427,932,1457,1477,2130,1898,1941,341,1593,0,927,1599,1945,1495,1872,1560,1228,1695,1798,1437,860,439,1171,1748,1519,1524,1404,1338,1495,1833,1602,1464,1108,1276,684,304,1060,876,762,875,972,1625,668,1647,1648,1408,1488,1558,1044,281,726],[1217,1848,1245,1925,2026,975,2223,1278,766,1729,1563,1583,2236,2213,1627,1138,1699,927,0,1213,2080,1972,1918,1933,1334,2068,1137,1543,1327,1237,1638,1859,1625,1659,743,1653,1601,1559,2079,1570,1585,1384,1061,619,1455,1142,1028,485,1769,1731,345,1663,1374,1885,827,2231,1421,793,675],[1889,1737,1606,1814,2220,1173,2202,1918,795,1788,1222,1242,1815,2192,734,1810,1588,1599,1213,0,1969,2078,705,1912,1313,2047,1166,1362,1543,1908,2026,118,1444,1548,470,1623,1180,666,1790,1139,1814,924,1277,1325,1463,1445,1244,999,1800,1050,1558,770,481,1991,554,2110,1637,1405,873],[1743,232,998,155,664,1185,121,1620,2336,1130,747,723,1424,636,1235,1795,381,1945,2080,1969,0,670,1712,374,746,356,2707,625,1085,1558,1133,1042,543,421,2313,532,789,1673,717,982,810,1132,1289,1670,606,878,992,1784,946,919,2034,1487,1488,590,2397,293,822,1484,1423],[1133,592,727,515,119,1014,586,1010,2228,707,1003,1023,1676,433,1487,1185,843,1495,1972,2078,670,0,1892,296,774,457,2599,1087,814,1130,710,1294,924,803,2205,455,1041,1853,172,1010,387,1186,1119,1500,630,840,954,1676,523,1171,1865,1667,1668,87,2289,473,551,1314,1315],[1898,1480,1411,1557,2025,1446,2007,1992,1500,1828,965,985,456,1997,477,2167,1331,1872,1918,705,1712,1892,0,1717,1118,1852,1871,1105,1617,2117,1831,861,1187,1291,1175,1437,923,409,2078,882,1619,667,1550,1598,1268,1250,1368,1113,1644,793,1932,513,224,1805,1259,1915,1455,1678,1146],[1198,296,785,219,308,1038,290,1075,2189,772,828,808,1501,280,1312,1250,445,1560,1933,1912,374,296,1717,0,599,135,2560,689,879,1195,775,1119,606,485,2166,280,866,1678,361,835,452,1011,1142,1523,455,731,845,1637,588,996,1881,1492,1493,216,2250,177,609,1337,1276],[997,514,239,591,907,439,798,874,1950,710,229,249,902,879,713,1049,365,1228,1334,1313,746,774,1118,599,0,734,1961,209,499,994,713,520,291,325,1567,319,267,1079,960,236,501,412,543,924,150,132,246,1038,526,397,1288,893,894,687,1651,797,337,738,677],[1333,431,920,354,308,1173,235,1210,2324,907,963,934,1636,280,1434,1385,580,1695,2068,2047,356,427,1852,135,734,0,2695,823,1014,1330,910,1241,742,620,2301,415,1001,1813,361,970,587,1146,1277,1658,590,866,980,1772,723,1118,2022,1627,1628,351,2385,63,744,1472,1411],[2088,2475,1872,2552,2614,1584,2850,2153,371,2262,2190,2210,1879,2658,1900,2009,2326,1798,1137,1166,2707,2599,1871,2560,1961,2695,0,2170,1954,2107,2839,2284,2252,2286,696,2280,2228,1832,2667,2197,2212,2049,1688,1494,2028,1769,1655,923,2211,2216,1482,1936,1647,2512,780,2785,2048,1668,1284],[1206,393,502,470,997,648,636,1083,1799,919,140,120,817,696,628,1258,244,1437,1543,1362,625,1087,1105,689,209,823,2170,0,708,1203,922,435,82,203,1776,530,182,1066,1049,387,710,525,752,1133,318,341,455,1247,735,312,1497,880,881,1000,1860,802,546,947,886],[498,853,206,930,873,370,1169,375,1583,308,728,748,1401,1152,1212,550,704,860,1327,1543,1085,814,1617,879,499,1014,1954,708,0,495,311,1019,785,664,1560,592,766,1578,926,735,427,911,474,855,507,340,454,1031,320,896,1219,1392,1393,727,1644,1077,263,699,670],[19,1353,701,1403,1189,870,1485,125,1736,572,1223,1243,1896,1480,1707,111,1204,439,1237,1908,1558,1130,2117,1195,944,1330,2107,1203,495,0,811,1514,1285,1164,1713,1093,1261,2073,1245,1230,743,1406,974,613,882,835,1052,1184,607,1391,977,1887,1888,1043,1797,1393,763,590,1035],[809,966,552,978,769,681,1065,560,1894,257,942,962,1615,1055,1426,861,817,1171,1638,2026,1133,710,1831,775,713,910,2839,922,311,811,0,1233,898,777,1871,601,980,1792,822,949,323,1125,785,1299,776,686,800,1342,187,1110,1663,1660,1607,623,1955,973,376,980,981],[1517,810,813,887,1427,959,1094,1394,1913,1230,295,315,573,1399,275,1569,660,1748,1859,1118,1042,1294,861,1119,520,1241,2284,435,1019,1514,2133,0,517,621,1588,839,253,822,1480,500,1021,211,1063,1444,670,652,766,1558,1046,123,1808,636,637,1207,1672,1217,857,1258,1197],[1288,310,584,387,914,730,554,1165,1881,895,222,202,899,886,710,1340,162,1519,1625,1444,543,924,1187,606,291,742,2252,82,785,1285,898,517,0,121,1858,320,264,1148,967,469,686,607,834,1215,306,423,537,1329,711,394,1579,962,963,837,1942,721,550,1029,968],[1162,189,577,266,739,764,433,1039,1915,774,343,323,1003,765,814,1214,40,1524,1659,1548,421,803,1291,485,325,620,2286,203,664,1164,777,621,121,0,1892,348,368,1252,846,561,565,711,868,1249,185,457,571,1363,590,498,1613,1066,1067,716,1976,599,401,8063,1002],[1694,2081,1478,2158,2264,1190,2456,1759,325,1868,1692,1712,1183,2446,1204,1615,1932,1404,734,470,2313,2205,1175,2166,1567,2301,696,1776,1560,1713,1871,1588,1858,1892,0,1886,1650,1136,2317,1609,1818,1353,1294,1100,1717,1375,1261,529,1817,1520,1088,1240,951,2118,84,2364,1654,1274,890],[1090,454,505,377,588,757,570,967,1909,598,548,568,1221,560,1032,1142,388,1338,1653,1623,532,455,1437,280,319,415,2280,530,592,1093,601,839,320,348,1886,0,586,1398,642,555,278,731,862,1243,175,451,565,1357,414,716,1607,1212,1213,368,1970,478,329,1057,996],[1264,557,560,634,1174,706,841,1141,1857,977,42,62,635,1133,446,1316,408,1495,1601,1180,789,1041,923,866,267,1001,2228,182,766,1261,980,253,264,368,1650,586,0,884,1227,205,768,343,810,1191,417,399,513,1305,793,130,1555,698,699,954,1743,967,604,1005,944],[1859,1441,1372,1518,1986,1407,1725,1953,1461,1789,926,946,417,1958,438,2128,1292,1833,1559,666,1673,1853,409,1678,1079,1813,1832,1066,1578,2073,1792,822,1148,1252,1136,1398,884,0,2039,843,1580,669,1511,1559,1229,1211,1327,1074,1605,754,1893,296,185,1766,1220,1876,1416,1639,1107],[1245,657,839,580,53,1127,596,1117,2340,819,1189,1169,1862,368,1673,1292,806,1602,2079,1790,717,172,2078,361,960,361,2667,1049,926,1245,822,1480,967,846,2317,642,1227,2039,0,1196,499,1372,1231,1612,817,1092,1206,1788,635,1357,1976,1853,1854,176,2401,424,663,1426,1427],[1233,750,529,828,1143,675,1125,1110,1826,946,204,224,840,1115,543,1285,601,1464,1570,1139,982,1010,882,835,236,970,2197,387,735,1230,949,500,469,561,1609,555,205,843,1196,0,737,176,779,1160,386,368,482,1274,762,377,1524,657,658,923,1693,1033,573,974,913],[746,732,340,655,446,627,742,623,1841,320,730,750,1403,732,1214,798,605,1108,1585,1814,810,387,1619,452,501,587,2212,710,427,743,323,1021,686,565,1818,278,768,1580,499,737,0,913,732,1113,453,474,567,1289,136,898,1477,1394,1395,300,1902,650,164,927,928],[1409,900,705,977,1319,696,1144,1286,1678,1122,380,400,498,1291,367,1461,750,1276,1384,924,1132,1186,667,1011,412,1146,2049,525,911,1406,1125,211,607,711,1353,731,343,669,1372,176,913,0,800,1181,562,544,658,1373,938,213,1513,577,484,1099,1519,1209,749,1150,727],[972,1057,392,1134,1178,104,1433,849,1317,719,772,792,1445,1422,1256,895,908,684,1061,1277,1289,1119,1550,1142,543,1277,1688,752,474,974,785,1063,834,868,1294,862,810,1511,1231,779,732,800,0,589,584,367,286,765,731,940,953,1618,1326,1032,1378,1340,568,229,404],[594,1438,773,1515,1559,485,1813,659,1123,1100,1153,1173,1826,1803,1637,515,1289,304,619,1325,1670,1500,1598,1523,924,1658,1494,1133,855,613,1299,1444,1215,1249,1100,1243,1191,1559,1612,1160,1113,1181,589,0,965,764,667,571,1112,1321,364,1663,1374,1413,1184,1721,949,174,425],[1005,374,303,451,763,480,618,882,1740,617,379,399,1052,735,863,1057,225,1060,1455,1463,606,630,1268,455,150,590,2028,318,507,882,776,670,306,185,1717,175,417,1229,817,386,453,562,584,965,0,282,396,1172,433,547,1329,1043,1044,543,1785,653,244,779,780],[838,646,134,723,1039,279,930,715,1398,648,361,381,1034,1011,845,890,497,876,1142,1445,878,840,1250,731,132,866,1769,341,340,835,686,652,423,457,1375,451,399,1211,1092,368,474,544,367,764,282,0,114,846,499,529,1128,1025,1026,753,1459,929,289,595,485],[973,760,230,837,1153,182,1044,926,1284,762,475,495,1148,1125,959,973,611,762,1028,1244,992,954,1368,845,246,980,1655,455,454,1052,800,766,537,571,1261,565,513,1327,1206,482,567,658,286,667,396,114,0,732,595,643,1031,1139,1140,867,1345,1043,403,481,371],[1165,1552,949,1629,1735,661,1836,1230,552,1339,1267,1287,1940,1917,1142,1086,1403,875,485,999,1784,1676,1113,1637,1038,1772,923,1247,1031,1184,1342,1558,1329,1363,529,1357,1305,1074,1788,1274,1289,1373,765,571,1182,846,732,0,1288,1435,713,1178,889,1589,613,1835,1125,745,361],[610,779,365,791,582,653,985,487,1866,184,755,775,1428,868,1239,662,630,972,1769,1800,946,523,1644,588,526,723,2211,735,320,607,187,1046,711,590,1817,414,793,1605,635,762,136,938,731,1112,433,499,595,1288,0,923,1476,1419,1420,436,1901,786,189,952,953],[1394,687,690,764,1304,836,971,1281,1845,1107,172,192,505,1276,316,1446,537,1625,1731,1050,919,1171,793,996,397,1118,2216,312,896,1391,1110,123,394,498,1520,716,130,754,1357,377,898,213,940,1321,547,529,643,1435,923,0,1685,568,569,1084,1604,1094,734,1135,1074],[958,1802,1137,1879,1923,849,2177,1023,1111,1464,1517,1537,2190,2167,1961,879,1653,668,345,1558,2034,1865,1932,1881,1288,2022,1482,1497,1219,977,1663,1808,1579,1613,1088,1607,1555,1893,1976,1524,1477,1513,953,364,1329,1128,1031,713,1476,1685,0,1997,1707,1778,1172,2085,1313,538,786],[1673,1255,1186,1332,1800,1221,1539,2057,1565,1605,740,760,153,1772,290,1942,1106,1647,1663,770,1487,1667,513,1492,893,1627,1936,880,1392,1887,1606,636,962,1066,1240,1212,698,296,1853,657,1394,577,1618,1663,1043,1025,1139,1178,1419,568,1997,0,289,1580,1324,1690,1302,1743,1211],[1674,1256,1187,1333,1801,1222,1540,1768,1276,1604,741,761,232,1773,253,1943,1107,1648,1374,481,1488,1668,224,1493,894,1628,1647,881,1393,1888,1607,637,963,1067,951,1213,699,185,1854,658,1395,484,1326,1374,1044,1026,1140,889,1420,569,1708,289,0,1581,1035,1691,1231,1454,922],[1046,512,640,435,123,927,506,923,2141,620,916,936,1589,437,1400,1098,756,1408,1885,1991,590,87,1805,216,687,351,2512,1000,727,1043,623,1207,837,716,2118,368,954,1766,176,923,300,1099,1032,1413,543,753,867,1589,436,1084,1778,1580,1581,0,2202,393,464,1227,1228],[1778,2165,1562,2242,2348,1274,2540,1843,409,1952,1776,1796,1267,2530,1288,1699,2016,1488,827,554,2397,2289,1259,2250,1651,2385,780,1860,1644,1797,1955,1672,1942,1976,84,1970,1734,1220,2401,1693,1902,1519,1378,1184,1785,1459,1345,613,1901,1604,1172,1324,1035,2202,0,2448,1738,1358,974],[1396,410,983,333,371,1236,172,1273,2378,970,942,922,1602,343,1410,1448,559,1758,2231,2110,293,473,1915,177,797,63,2758,802,1077,1393,973,1217,721,599,2364,478,967,1876,424,1033,650,1209,1340,1721,653,929,1043,1835,786,1094,2085,1690,1691,393,2448,0,807,1535,1474],[761,590,176,667,610,464,874,638,1677,373,566,568,1239,889,1050,813,441,1044,1421,1637,822,551,1455,609,337,744,2048,546,263,763,376,857,550,401,1654,329,604,1416,663,573,164,749,568,949,244,289,403,1125,189,734,1313,1302,1231,464,1738,807,0,763,734],[571,1252,587,1329,1373,299,1978,433,1297,977,897,917,1640,1617,1451,492,1103,281,793,1405,1484,1314,1678,1337,738,1472,1668,947,699,590,980,1258,1029,8063,1274,1057,1005,1639,1426,974,927,1150,229,174,779,595,481,745,952,1135,538,1743,1454,1227,1358,1535,763,0,532],[1016,1191,588,1268,1374,300,1475,1081,913,978,906,926,1579,1556,1390,937,1042,726,657,873,1423,1315,1146,1276,677,1411,1284,886,670,1035,981,1197,968,1002,890,996,944,1107,1427,913,928,727,404,425,780,485,371,361,953,1074,786,1211,922,1228,974,1474,734,532,0]]
